-1.744270932820750630e+00,-1.797082206569881491e+00,3.279350373222840176e+00
-1.704620938615127423e+00,-1.632985415173473509e+00,3.265189344161496088e+00
-1.712082896786330410e+00,-1.632738990152468483e+00,3.290226331509166435e+00
-1.709281917341339385e+00,-1.662253651921248965e+00,3.288479004644618620e+00
-1.738294817773858636e+00,-1.961001582459628079e+00,3.332452225842967852e+00
-1.673301218825510972e+00,-1.776353481054918859e+00,3.228641068338389264e+00
-1.715873440245125670e+00,-1.665274862708951531e+00,3.320349409561850429e+00
-1.719554593242744289e+00,-1.957677316459093264e+00,3.316799419711444319e+00
-1.790395310769333559e+00,-2.167479272638463517e+00,3.456435854600148350e+00
-1.715318772694675920e+00,-1.688180772416702391e+00,3.328774299444798856e+00
-1.714776729307813774e+00,-1.715270716973980258e+00,3.332524741649129041e+00
-1.798288818714109061e+00,-2.228927146286244554e+00,3.485341693691061060e+00
-1.716985759120626565e+00,-1.722472486495771893e+00,3.345492633324551601e+00
-1.718613673683633047e+00,-1.645827442342173041e+00,3.361472745556864705e+00
-1.717917985132556113e+00,-1.727567540782815492e+00,3.355958978154585548e+00
-1.717754337235588791e+00,-1.733625810807929879e+00,3.357607154433763785e+00
-1.717754337235588791e+00,-1.733625810807929879e+00,3.357607154433763785e+00
-1.717878535272172158e+00,-1.742203023731648592e+00,3.357590951558683035e+00
-1.702287518245723996e+00,-2.004996458417539706e+00,3.319496351003101697e+00
-1.716091634817387357e+00,-1.765706680968638365e+00,3.357999103259982299e+00
-1.719815555837048038e+00,-1.738159961134901899e+00,3.381190253810252511e+00
-1.704179241891078833e+00,-1.861629234647127928e+00,3.343152102785847291e+00
-1.716307151841117484e+00,-1.778230924778591682e+00,3.372927117339121317e+00
-1.719183405599072678e+00,-1.751599803577334136e+00,3.383238286184558241e+00
-1.718360758983909387e+00,-1.776108848397072171e+00,3.384439170939126384e+00
-1.718360758983909387e+00,-1.776108848397072171e+00,3.384439170939126384e+00
-1.717494217727923767e+00,-1.769145452329189405e+00,3.383589774264421646e+00
-1.700850905311544814e+00,-1.871434963166016319e+00,3.344472953433129891e+00
-1.707021292237739463e+00,-1.835573820169156489e+00,3.362883886618069695e+00
-1.717815393009206826e+00,-1.776451676544008151e+00,3.393126720691994169e+00
-1.717815393009206826e+00,-1.776451676544008151e+00,3.393126720691994169e+00
-1.718579994402420041e+00,-1.769738356465761386e+00,3.396210057327680776e+00
-1.718579994402420041e+00,-1.769738356465761386e+00,3.396210057327680776e+00
-1.718504239231081865e+00,-1.728232462492711674e+00,3.399773073717579308e+00
-1.718978379296853598e+00,-1.774253339728699475e+00,3.398131449376966984e+00
-1.707493705690220853e+00,-1.876059371656843222e+00,3.369903785178930633e+00
-1.711853899346984731e+00,-1.849736794313330712e+00,3.383388310571669777e+00
-1.713541271169936042e+00,-1.836311754966547749e+00,3.390880634952274431e+00
-1.722569115333541401e+00,-1.737190416867704590e+00,3.415086634422868972e+00
-1.739460321163885048e+00,-2.230334080188535406e+00,3.431896801801768149e+00
-1.721011446177755699e+00,-1.669543135774849363e+00,3.418417175864121749e+00
-1.721011446177755699e+00,-1.669543135774849363e+00,3.418417175864121749e+00
-1.709956605590252421e+00,-1.888835090181570253e+00,3.383832450891319343e+00
-1.709956605590252421e+00,-1.888835090181570253e+00,3.383832450891319343e+00
-1.707446821191721309e+00,-1.906105176578011262e+00,3.378597067836415224e+00
-1.707446821191721309e+00,-1.906105176578011262e+00,3.378597067836415224e+00
-1.719138723218011089e+00,-1.734071822493395532e+00,3.412944921624343930e+00
-1.715684533757038333e+00,-1.820500962039906634e+00,3.401061301271229187e+00
-1.717997427377085939e+00,-1.779931396600629823e+00,3.408712219772909169e+00
-1.705410143622712926e+00,-1.942122407348100710e+00,3.374513501800268767e+00
-1.716613413078849071e+00,-1.800582297857121761e+00,3.407237607357583187e+00
-1.704483499993020734e+00,-1.943311740545360156e+00,3.379544553396664597e+00
-1.714971015389262110e+00,-1.831350562523328840e+00,3.407318441069999704e+00
-1.718577050846991972e+00,-1.770871357991697481e+00,3.419099782799446707e+00
-1.707163148524386553e+00,-1.935853181269302947e+00,3.389858772827275324e+00
-1.717979073823537428e+00,-1.751257242546961690e+00,3.422180196514933659e+00
-1.708034824940313667e+00,-1.920591604847793343e+00,3.392997067780791465e+00
-1.706817190320023325e+00,-1.950492822653950853e+00,3.392453659352552275e+00
-1.717097752532171562e+00,-1.829363088919288005e+00,3.420277428787901641e+00
-1.714743097464694666e+00,-1.810582678676031954e+00,3.418441572039810250e+00
-1.714496867978804406e+00,-1.675739875954898483e+00,3.425895570532741186e+00
-1.705755335622732183e+00,-1.904760958543992189e+00,3.395142986323205658e+00
-1.716244091051907006e+00,-1.764823793298343046e+00,3.426750834097302079e+00
-1.704772265937675391e+00,-2.003475916794845713e+00,3.392748586985693038e+00
-1.704925127959108000e+00,-2.013954937190737038e+00,3.393671068419377601e+00
-1.718359602169854838e+00,-1.771843237072863175e+00,3.443265313955748308e+00
-1.717304876332543584e+00,-1.801077313836713545e+00,3.442563664522475975e+00
-1.711182729778174094e+00,-1.831116262366515590e+00,3.430245183069107640e+00
-1.717756974432516959e+00,-1.674199644944659671e+00,3.453150158681540294e+00
-1.709463932541557929e+00,-1.914603756476792373e+00,3.423844799070776990e+00
-1.709463932541557929e+00,-1.914603756476792373e+00,3.423844799070776990e+00
-1.716101371543720999e+00,-1.739019139784794055e+00,3.447746506202878258e+00
-1.711430487194228967e+00,-1.873270679158136165e+00,3.430687325959252743e+00
-1.711430487194228967e+00,-1.873270679158136165e+00,3.430687325959252743e+00
-1.715000434174651645e+00,-1.812618345887463400e+00,3.442136804172238218e+00
-1.715000434174651645e+00,-1.812618345887463400e+00,3.442136804172238218e+00
-1.713050060350041814e+00,-1.816497555461417557e+00,3.438106164415615229e+00
-1.704168446147776406e+00,-1.954528302767140957e+00,3.412961658084341376e+00
-1.690736803584347747e+00,-1.735923565654077461e+00,3.398350833641964996e+00
-1.704647240442595413e+00,-2.009995214193330160e+00,3.412720003088244081e+00
-1.708881886790792892e+00,-1.913833823153088920e+00,3.426517466850544924e+00
-1.708881886790792892e+00,-1.913833823153088920e+00,3.426517466850544924e+00
-1.705114533696105328e+00,-1.951357626375643362e+00,3.419387262421475615e+00
-1.707135397252890208e+00,-1.991799152582798493e+00,3.421833439285333789e+00
-1.711861044045039915e+00,-1.857974765049094978e+00,3.438777631779474042e+00
-1.706923456137818373e+00,-1.985773306385933079e+00,3.422325034127195575e+00
-1.708986295976221870e+00,-2.069955945021910715e+00,3.424918100864437598e+00
-1.708986295976221870e+00,-2.069955945021910715e+00,3.424918100864437598e+00
-1.709290795967538079e+00,-1.646916095654932910e+00,3.447834328793295100e+00
-1.707260603926182396e+00,-2.036879758751628966e+00,3.422685704843386745e+00
-1.714149052951837282e+00,-1.806372495927234700e+00,3.448551691888451565e+00
-1.713407524633853818e+00,-1.781374803769967929e+00,3.449394024877061149e+00
-1.707412787041814761e+00,-1.917038163866368716e+00,3.434686029638930105e+00
-1.709415139302317366e+00,-1.946134724012756667e+00,3.439008258765504866e+00
-1.711899190392177861e+00,-1.821157468818431768e+00,3.454275393165828323e+00
-1.710890503414065789e+00,-2.099055919502132994e+00,3.439470670297538391e+00
-1.712482864606949429e+00,-1.716703395149945299e+00,3.462760628796079931e+00
-1.706239732780306717e+00,-1.947168417621882197e+00,3.437302010949622844e+00
-1.704514272803753450e+00,-1.956465561701329126e+00,3.434109401984779097e+00
-1.705667012640300406e+00,-1.954408207023548005e+00,3.438733477938119343e+00
-1.708881289339195364e+00,-1.878847316733457617e+00,3.449815146618023132e+00
-1.707800803426779090e+00,-2.054005635815631781e+00,3.440801255775301382e+00
-1.707800803426779090e+00,-2.054005635815631781e+00,3.440801255775301382e+00
-1.707035693792689823e+00,-2.028426632599409363e+00,3.441063043944759148e+00
-1.705872554366985261e+00,-2.008428514162009737e+00,3.439980244571693824e+00
-1.709889059871841255e+00,-1.832477283206307206e+00,3.458226936337683632e+00
-1.717415020672136805e+00,-2.187644496999787247e+00,3.459349374243729347e+00
-1.694334288204111694e+00,-1.970648641821959757e+00,3.419009058244146804e+00
-1.709398668258534482e+00,-2.080862013411143518e+00,3.446699315334679437e+00
-1.716642148107276666e+00,-2.198140071620107161e+00,3.460073574114177930e+00
-1.705174755760283434e+00,-2.105479693818837372e+00,3.439097294100847968e+00
-1.713815806577609013e+00,-2.150580126498682354e+00,3.456848425397166746e+00
-1.707155597603243979e+00,-1.926728126312894140e+00,3.453458836083531658e+00
-1.705561719897017436e+00,-1.976084734302563595e+00,3.449189381395642684e+00
-1.706827848476521359e+00,-1.883214804446292190e+00,3.458296658133518164e+00
-1.709840052777362729e+00,-1.744944843730244832e+00,3.473325345046367918e+00
-1.711156352473013786e+00,-1.870160485842273790e+00,3.471055880759059242e+00
-1.709399554162828405e+00,-1.851144614244496056e+00,3.468601748288698161e+00
-1.703594512673147987e+00,-1.980388577512377069e+00,3.450547018642448283e+00
-1.706864882377808756e+00,-1.836279208134414365e+00,3.466434114519598264e+00
-1.704881067523291716e+00,-2.016070544610415460e+00,3.455004652867669002e+00
-1.705553758793022734e+00,-1.897702195268648806e+00,3.463145982230002140e+00
-1.706404873825533297e+00,-2.055873400189199174e+00,3.457712848477891843e+00
-1.707236630187958459e+00,-1.657190803464803963e+00,3.482266429839352195e+00
-1.726040442883287174e+00,-2.250757112350104894e+00,3.494667906401808466e+00
-1.703507306688713197e+00,-1.926079873579477297e+00,3.460714371697245717e+00
-1.713395525838305344e+00,-2.140417285814791626e+00,3.473951810322143174e+00
-1.724109555900968704e+00,-2.240025577905880194e+00,3.494742704726397697e+00
-1.704321423149363079e+00,-2.042938070939895212e+00,3.460231009693559123e+00
-1.706425338824061111e+00,-1.740150755691691087e+00,3.482491403728556811e+00
-1.708571904186929613e+00,-2.093013289138053068e+00,3.470652285986650210e+00
-1.708571904186929613e+00,-2.093013289138053068e+00,3.470652285986650210e+00
-1.703101206694220160e+00,-1.925185870626481055e+00,3.467423063011473072e+00
-1.705446775914208235e+00,-1.852709364554470550e+00,3.476774417287844976e+00
-1.727073304656609132e+00,-2.307598803832684009e+00,3.507183491116545149e+00
-1.726682988250778372e+00,-2.256717077289819517e+00,3.507117228434477152e+00
-1.704142622348024050e+00,-1.840721529898472486e+00,3.477484728923136093e+00
-1.722892447404262839e+00,-2.225830675452753482e+00,3.500477170747483324e+00
-1.701789623931484918e+00,-1.967123271044816768e+00,3.466716698451124401e+00
-1.704556980117109655e+00,-1.751780738694101780e+00,3.485516951324233670e+00
-1.724397885614957771e+00,-2.234238988503896017e+00,3.505991840407024718e+00
-1.700985942259130246e+00,-1.983728577506402857e+00,3.466386154684478527e+00
-1.700985942259130246e+00,-1.983728577506402857e+00,3.466386154684478527e+00
-1.703629681592998324e+00,-1.748335053604462619e+00,3.485341644195392163e+00
-1.721110549774308662e+00,-2.205854734952662266e+00,3.502555483422131299e+00
-1.700695220389105033e+00,-1.950802299503147763e+00,3.469483502030916711e+00
-1.701204011476703082e+00,-1.930812814090638874e+00,3.472132937817713927e+00
-1.700895196543269483e+00,-1.981327325336027734e+00,3.469891606675847839e+00
-1.719766217020494148e+00,-2.236688996364111226e+00,3.503290339188768865e+00
-1.700508126321471636e+00,-1.925095390513397398e+00,3.474766332414850112e+00
-1.727223910299351628e+00,-2.258696470066907214e+00,3.518652308324803357e+00
-1.727223910299351628e+00,-2.258696470066907214e+00,3.518652308324803357e+00
-1.724893148759150563e+00,-2.237244713614380043e+00,3.516239887038446810e+00
-1.700543463559760271e+00,-1.866364953051267594e+00,3.482044530780252334e+00
-1.701466039941964548e+00,-1.864033309920499759e+00,3.484961648228863229e+00
-1.700807911032646391e+00,-1.737964858252701861e+00,3.494939537007839547e+00
-1.699228419246117783e+00,-1.971111399978745959e+00,3.478364122013547277e+00
-1.699049684366075397e+00,-1.929881207934691423e+00,3.481028707414008494e+00
-1.714083852274643549e+00,-2.174629182270454653e+00,3.504252703406610436e+00
-1.706351456755554885e+00,-2.112354879152346321e+00,3.490079656780510131e+00
-1.698786999536652909e+00,-1.982238166932797307e+00,3.480180427028361390e+00
-1.718788879699411964e+00,-2.212401815295700125e+00,3.514429210766703449e+00
-1.700450326502544129e+00,-1.748810807870977868e+00,3.497864951788439036e+00
-1.700450326502544129e+00,-1.748810807870977868e+00,3.497864951788439036e+00
-1.717977958102114844e+00,-2.211628421704014524e+00,3.517309000549471154e+00
-1.696179841167391622e+00,-1.882431611525546389e+00,3.487490971128214490e+00
-1.696179841167391622e+00,-1.882431611525546389e+00,3.487490971128214490e+00
-1.699336848104909370e+00,-2.009380374727844476e+00,3.488053283915772962e+00
-1.711865977383807857e+00,-2.170122562770613772e+00,3.508457383979792343e+00
-1.706182899499606886e+00,-2.121242396465771396e+00,3.498553895299752803e+00
-1.693598702313038995e+00,-1.973829271880144010e+00,3.478993443442098599e+00
-1.718616894416802987e+00,-2.214623123415725647e+00,3.526411660443796059e+00
-1.718616894416802987e+00,-2.214623123415725647e+00,3.526411660443796059e+00
-1.696645330791667128e+00,-1.877341693289485747e+00,3.497320186126145813e+00
-1.721439499248540450e+00,-2.252933628371618813e+00,3.536654787958850132e+00
-1.695604786691863763e+00,-1.844686447978791222e+00,3.499552372105509068e+00
-1.703310820958040983e+00,-2.117559970941091052e+00,3.502940688085868448e+00
-1.727154718911049880e+00,-2.278769570113350795e+00,3.548940410648173671e+00
-1.694843651980721955e+00,-1.864476650924136614e+00,3.497685788255729733e+00
-1.694670291101154413e+00,-1.657542113103924075e+00,3.509901478637906358e+00
-1.691563687717646980e+00,-1.739157811961473232e+00,3.500003728503058742e+00
-1.732594156954270881e+00,-2.365817461059184890e+00,3.561978249255549844e+00
-1.695629856763317456e+00,-2.027216046328494059e+00,3.493393176278406731e+00
-1.695629856763317456e+00,-2.027216046328494059e+00,3.493393176278406731e+00
-1.693169748324688806e+00,-1.921856350227948651e+00,3.494137648814104935e+00
-1.693169748324688806e+00,-1.921856350227948651e+00,3.494137648814104935e+00
-1.708309655096849067e+00,-2.163831700104374978e+00,3.515696060073440155e+00
-1.708309655096849067e+00,-2.163831700104374978e+00,3.515696060073440155e+00
-1.736168592872805228e+00,-2.331969863360956463e+00,3.570344722090141421e+00
-1.708801585984484062e+00,-2.173254696941397945e+00,3.516724687688874695e+00
-1.696749599134982578e+00,-2.084814276982094317e+00,3.494474770331707170e+00
-1.719555655080926337e+00,-2.240938018052347047e+00,3.538631973079554793e+00
-1.718414368219959742e+00,-2.239528879555159779e+00,3.536138643606967058e+00
-1.694211536369659044e+00,-1.803128792075769038e+00,3.506948514475403567e+00
-1.722819723032361416e+00,-2.256662263070470242e+00,3.547574743525853336e+00
-1.703400298070200547e+00,-2.130494267821191112e+00,3.510721572682854230e+00
-1.700968013988459537e+00,-2.109060657058933863e+00,3.506715169796060572e+00
-1.714447244104267520e+00,-2.214493704380730676e+00,3.532567333898122719e+00
-1.699114545856562186e+00,-2.083691907156723921e+00,3.505500518631580409e+00
-1.699114545856562186e+00,-2.083691907156723921e+00,3.505500518631580409e+00
-1.704842544348095679e+00,-2.156103557556144246e+00,3.515098326592688061e+00
-1.689469298938264474e+00,-1.663772109863766557e+00,3.508790885349871491e+00
-1.722187209333963853e+00,-2.261818599842941868e+00,3.549943898831530831e+00
-1.690767724001451588e+00,-1.895463058798158684e+00,3.499889893786155337e+00
-1.693159624664758001e+00,-2.027226964929051078e+00,3.498215250971895340e+00
-1.691113425811443749e+00,-1.939333912687043027e+00,3.498667052091993579e+00
-1.690086983440665991e+00,-1.870591551897520244e+00,3.500899788922701816e+00
-1.700186351793731454e+00,-2.118058608627882755e+00,3.510225365735178293e+00
-1.693609854094197953e+00,-2.037965724510848009e+00,3.501096853666867403e+00
-1.693609854094197953e+00,-2.037965724510848009e+00,3.501096853666867403e+00
-1.700370239713948850e+00,-2.091269709849903347e+00,3.514183500228261092e+00
-1.700370239713948850e+00,-2.091269709849903347e+00,3.514183500228261092e+00
-1.690355390853309991e+00,-1.844541857061915868e+00,3.506876977108580817e+00
-1.690355390853309991e+00,-1.844541857061915868e+00,3.506876977108580817e+00
-1.692184267353066263e+00,-2.024824990642414058e+00,3.501339853814620984e+00
-1.690295722115848109e+00,-1.840698883664122709e+00,3.508625660424053105e+00
-1.692888857706402961e+00,-2.046783681463802296e+00,3.504630944955579253e+00
-1.692888857706402961e+00,-2.046783681463802296e+00,3.504630944955579253e+00
-1.713952231137585436e+00,-2.228507098697040778e+00,3.543123906305373438e+00
-1.735403082783687267e+00,-2.346566589179624351e+00,3.586928908529454674e+00
-1.730257893609426390e+00,-2.307813151770921056e+00,3.577852394583932227e+00
-1.718644172754422161e+00,-2.253338874464888786e+00,3.554772423509335866e+00
-1.718644172754422161e+00,-2.253338874464888786e+00,3.554772423509335866e+00
-1.688170511111028560e+00,-1.919695604166927305e+00,3.504119076546998723e+00
-1.704722427239746319e+00,-2.174815493231161412e+00,3.528733291437457620e+00
-1.704722427239746319e+00,-2.174815493231161412e+00,3.528733291437457620e+00
-1.704722427239746319e+00,-2.174815493231161412e+00,3.528733291437457620e+00
-1.688655870924612890e+00,-1.908301593951604369e+00,3.507165552848042100e+00
-1.688655870924612890e+00,-1.908301593951604369e+00,3.507165552848042100e+00
-1.690038981130524531e+00,-2.017477935873912553e+00,3.504242073601857577e+00
-1.690038981130524531e+00,-2.017477935873912553e+00,3.504242073601857577e+00
-1.719166071231209791e+00,-2.263030677173435645e+00,3.558266860653536146e+00
-1.719166071231209791e+00,-2.263030677173435645e+00,3.558266860653536146e+00
-1.688631247474464470e+00,-1.902553314779637628e+00,3.509436747017207647e+00
-1.695941593413918813e+00,-2.109506548891860511e+00,3.516367467476994690e+00
-1.697904179630381094e+00,-2.123229895232483955e+00,3.520488148373515980e+00
-1.697904179630381094e+00,-2.123229895232483955e+00,3.520488148373515980e+00
-1.696345073192192965e+00,-2.110513337202410966e+00,3.517886766110187580e+00
-1.696345073192192965e+00,-2.110513337202410966e+00,3.517886766110187580e+00
-1.696345073192192965e+00,-2.110513337202410966e+00,3.517886766110187580e+00
-1.729899166393443544e+00,-2.328006308565074178e+00,3.583780210380229647e+00
-1.694744798320132029e+00,-2.099025829433574408e+00,3.515557110865126234e+00
-1.712465235649732964e+00,-2.233542248282864850e+00,3.549739428320093371e+00
-1.712465235649732964e+00,-2.233542248282864850e+00,3.549739428320093371e+00
-1.683189494764082639e+00,-1.666196573622449995e+00,3.516329905826071744e+00
-1.703773274754802447e+00,-2.178796335016549346e+00,3.535716119901645360e+00
-1.705570817902796854e+00,-2.195313657234650773e+00,3.540343416511877894e+00
-1.733330870346896813e+00,-2.345585042530736963e+00,3.595832725317213541e+00
-1.733095120540031342e+00,-2.355617932533951908e+00,3.597558842302249982e+00
-1.691590352029139543e+00,-2.095589176663558373e+00,3.516919575954280841e+00
-1.711832992224575856e+00,-2.239782083291034454e+00,3.555404772461890239e+00
-1.700092156497299278e+00,-2.153373205754535835e+00,3.533341083263405125e+00
-1.688169611579112717e+00,-2.037242963325045508e+00,3.513353363265338647e+00
-1.683939689712784959e+00,-1.841268124161064446e+00,3.515942722150016575e+00
-1.715384176317158671e+00,-2.259725949788807142e+00,3.564884716088910555e+00
-1.719741846722540046e+00,-2.274874467881033979e+00,3.574185211355289660e+00
-1.718377590162105006e+00,-2.278179717739592380e+00,3.571605106773054317e+00
-1.680943586485066810e+00,-1.995423635296040610e+00,3.501989006036272833e+00
-1.729763758708567467e+00,-2.340305780308166383e+00,3.594621704549904706e+00
-1.729763758708567467e+00,-2.340305780308166383e+00,3.594621704549904706e+00
-1.676183878960916696e+00,-1.968048487586450568e+00,3.493488901617820552e+00
-1.718761386398430124e+00,-2.272789659805802387e+00,3.572250546790726400e+00
-1.686471201076198856e+00,-1.929246534859529127e+00,3.519435729522455869e+00
-1.732029545380370905e+00,-2.360630881188598096e+00,3.600810232373372610e+00
-1.715691701881051134e+00,-2.270129116295290128e+00,3.569882753883566906e+00
-1.689435674097917284e+00,-2.087870733180796634e+00,3.520056024569528486e+00
-1.689435674097917284e+00,-2.087870733180796634e+00,3.520056024569528486e+00
-1.693008916789226603e+00,-2.104198403639916837e+00,3.527098850140626851e+00
-1.691197478038568125e+00,-2.111423544942626407e+00,3.526871924763196553e+00
-1.676097006629034825e+00,-1.661827389290177370e+00,3.520028781408321095e+00
-1.692706958566100761e+00,-2.139042406449220834e+00,3.529419543220585265e+00
-1.692706958566100761e+00,-2.139042406449220834e+00,3.529419543220585265e+00
-1.728487689496670754e+00,-2.348430231528772172e+00,3.600429198565712419e+00
-1.680671202524948837e+00,-1.794628477849866899e+00,3.522522350359606147e+00
-1.708247318107932289e+00,-2.237771413752441596e+00,3.560801889576823864e+00
-1.681621945977664678e+00,-1.796240288478206937e+00,3.525017867835603003e+00
-1.693114331165308073e+00,-2.090998625147701517e+00,3.533416351084269547e+00
-1.692232869622992908e+00,-2.123467800381369397e+00,3.530385014809917621e+00
-1.692232869622992908e+00,-2.123467800381369397e+00,3.530385014809917621e+00
-1.699901252318439360e+00,-2.144676973724466418e+00,3.548082479552026935e+00
-1.678257435538185405e+00,-1.932594018232716815e+00,3.511161580948299221e+00
-1.712868263339958119e+00,-2.274464746845497043e+00,3.575747721252624078e+00
-1.684286881460618890e+00,-2.058487942918147073e+00,3.522148649484243776e+00
-1.684286881460618890e+00,-2.058487942918147073e+00,3.522148649484243776e+00
-1.678845256899174521e+00,-1.847192082425918036e+00,3.523618908265683025e+00
-1.673429660722823398e+00,-1.942124630216722325e+00,3.506119691710957387e+00
-1.733673073202846693e+00,-2.386686400900854821e+00,3.622576669628426060e+00
-1.685780447415394123e+00,-2.055887195962335934e+00,3.532513531475346191e+00
-1.676151547194613789e+00,-1.932411785030144324e+00,3.519267521284129341e+00
-1.661156981598426619e+00,-1.667152757893892501e+00,3.503435501079154246e+00
-1.671552423388539932e+00,-1.668337443958380684e+00,3.527732597759330790e+00
-1.674604688349595305e+00,-1.927905730486880520e+00,3.518558146799410480e+00
-1.671758178544723972e+00,-1.674539604946846616e+00,3.528184793210435100e+00
-1.673814239642570367e+00,-1.799175212222713371e+00,3.525722120349235045e+00
-1.705367943589069624e+00,-2.249283278628829486e+00,3.573992086119861522e+00
-1.705367943589069624e+00,-2.249283278628829486e+00,3.573992086119861522e+00
-1.725307678807308731e+00,-2.365386975245888923e+00,3.615193364289210454e+00
-1.674340707851166288e+00,-1.921527261508906959e+00,3.523084550180445529e+00
-1.709436526429974013e+00,-2.270727981027427678e+00,3.584173772817503600e+00
-1.709436526429974013e+00,-2.270727981027427678e+00,3.584173772817503600e+00
-1.723823269202496178e+00,-2.358674877929638480e+00,3.613668496826171417e+00
-1.692469909817856388e+00,-2.177887936682363357e+00,3.552766554397293941e+00
-1.692469909817856388e+00,-2.177887936682363357e+00,3.552766554397293941e+00
-1.670321425171708896e+00,-1.673189716341218380e+00,3.532463364307367293e+00
-1.672703734899724459e+00,-1.837793018424503044e+00,3.528806658491119297e+00
-1.680195870727195784e+00,-2.086335968073557368e+00,3.532721640504723926e+00
-1.680195870727195784e+00,-2.086335968073557368e+00,3.532721640504723926e+00
-1.671908845461474113e+00,-1.918041552393058957e+00,3.525246241628452459e+00
-1.709825743374367324e+00,-2.312120435416704201e+00,3.592494886890643446e+00
-1.676956977517771952e+00,-2.048781206890717410e+00,3.530021790247480862e+00
-1.724637933706279158e+00,-2.373634182084242816e+00,3.622551855887041317e+00
-1.724637933706279158e+00,-2.373634182084242816e+00,3.622551855887041317e+00
-1.671833208333952880e+00,-1.933158376052672489e+00,3.525524829871854227e+00
-1.706550916470406021e+00,-2.278208698846150515e+00,3.587084651148287673e+00
-1.670699029776929079e+00,-1.798615191682806813e+00,3.533125099571982286e+00
-1.676146217892463985e+00,-2.094692697261978154e+00,3.529338360798498275e+00
-1.670805014716307380e+00,-1.886824812138020446e+00,3.529146446289979089e+00
-1.680636375075625910e+00,-2.115508330609844112e+00,3.538659232421105472e+00
-1.669275046656740980e+00,-1.802379952259264950e+00,3.531622352771439211e+00
-1.677296372200648200e+00,-2.083998906551197461e+00,3.533157320646562738e+00
-1.724145052003022149e+00,-2.368752518084614955e+00,3.625997228051212051e+00
-1.677120159438130420e+00,-2.077106937918399510e+00,3.533430478297258759e+00
-1.670852598385873078e+00,-1.849523122532901631e+00,3.532781686833715185e+00
-1.671221046777858543e+00,-1.810144441828577921e+00,3.536416126699835072e+00
-1.671221046777858543e+00,-1.810144441828577921e+00,3.536416126699835072e+00
-1.671500676387693840e+00,-1.998697702290189060e+00,3.528060111035078883e+00
-1.668990750806410350e+00,-1.899722337422315555e+00,3.528738428612353317e+00
-1.704684231166895048e+00,-2.282098301444329902e+00,3.590225414009071248e+00
-1.714685489447987488e+00,-2.343689707742447670e+00,3.610904352623448332e+00
-1.668583720438338913e+00,-1.878168730392371755e+00,3.530491035776672781e+00
-1.668583720438338913e+00,-1.878168730392371755e+00,3.530491035776672781e+00
-1.668534871118668717e+00,-1.929471350488674908e+00,3.527620159076940709e+00
-1.668534871118668717e+00,-1.929471350488674908e+00,3.527620159076940709e+00
-1.668686751097132381e+00,-1.910060498176319621e+00,3.530820831859343478e+00
-1.682662024096400089e+00,-2.151929435251832334e+00,3.550115467490649213e+00
-1.667855639126883727e+00,-1.921505933497581697e+00,3.529724503039039174e+00
-1.667855639126883727e+00,-1.921505933497581697e+00,3.529724503039039174e+00
-1.666387853737848257e+00,-1.797014744974927858e+00,3.535690537373839426e+00
-1.692036276967027186e+00,-2.217774842938161850e+00,3.571718243922124003e+00
-1.692036276967027186e+00,-2.217774842938161850e+00,3.571718243922124003e+00
-1.682472207968036981e+00,-2.135796250696241572e+00,3.553387311327504960e+00
-1.702966344596413162e+00,-2.285598640693862205e+00,3.594452683510371838e+00
-1.702966344596413162e+00,-2.285598640693862205e+00,3.594452683510371838e+00
-1.676293571929956761e+00,-2.086160852588006431e+00,3.543639979915753191e+00
-1.673078546574596315e+00,-2.078064588361216991e+00,3.537104131025112341e+00
-1.682208748532409759e+00,-2.160653494111113737e+00,3.555082664625164313e+00
-1.664290997936950234e+00,-1.884015539055419630e+00,3.530300158784020592e+00
-1.664329813675446745e+00,-1.805187702804427419e+00,3.536466593946529180e+00
-1.697213279660970908e+00,-2.265282069053499381e+00,3.587238971598709192e+00
-1.673535589280287006e+00,-2.104572103783470816e+00,3.542637798938587768e+00
-1.698837388069760923e+00,-2.277567369245761419e+00,3.591796859282126775e+00
-1.665121954679767313e+00,-1.879210017257927579e+00,3.537556981056666050e+00
-1.679699174672283801e+00,-2.156170848640291293e+00,3.555514003740201101e+00
-1.679699174672283801e+00,-2.156170848640291293e+00,3.555514003740201101e+00
-1.678332072936947084e+00,-2.144951147844815331e+00,3.553331070821709403e+00
-1.664283261713515039e+00,-2.015484127854917151e+00,3.528681298287557500e+00
-1.678540562534413860e+00,-2.145142248180960998e+00,3.554029772980959123e+00
-1.721544898255749301e+00,-2.408442139145109184e+00,3.640816015602585942e+00
-1.696087307944091682e+00,-2.274699109005866138e+00,3.591415478317997234e+00
-1.664069523554393859e+00,-1.981260471848944160e+00,3.533808071707859266e+00
-1.705506517916516751e+00,-2.329653505421871884e+00,3.611020728473477881e+00
-1.662963540113835403e+00,-1.951073355009488752e+00,3.533947718530418225e+00
-1.661780159548360780e+00,-1.929820075485486175e+00,3.532929827077099905e+00
-1.661780159548360780e+00,-1.929820075485486175e+00,3.532929827077099905e+00
-1.670409949616926015e+00,-2.091210064358524523e+00,3.543525612022223381e+00
-1.676970637495494687e+00,-2.160795868418076804e+00,3.555057050289609943e+00
-1.699901405669037580e+00,-2.299200053388073872e+00,3.601846033406741032e+00
-1.658615050151686310e+00,-1.775137764654875161e+00,3.537147001737911634e+00
-1.658615050151686310e+00,-1.775137764654875161e+00,3.537147001737911634e+00
-1.660370851782027257e+00,-1.844232066321537911e+00,3.538430548963539035e+00
-1.710078396955682090e+00,-2.355194032206938015e+00,3.624724354728173115e+00
-1.710078396955682090e+00,-2.355194032206938015e+00,3.624724354728173115e+00
-1.712409908182536800e+00,-2.372706226050950384e+00,3.629464331648144082e+00
-1.663781767104327791e+00,-2.032643698599330584e+00,3.535242958926895884e+00
-1.697099263469770358e+00,-2.291352645209588701e+00,3.599023949306588754e+00
-1.657477885710262555e+00,-1.915484139455319035e+00,3.531899336525420097e+00
-1.684896866628153855e+00,-2.224837615085538012e+00,3.578786176034448818e+00
-1.696879508492846300e+00,-2.299790643535650325e+00,3.604468457755326316e+00
-1.657305774741613114e+00,-1.808972651824222400e+00,3.541656484067712274e+00
-1.677119032946441379e+00,-2.181038773193587854e+00,3.565502173258376040e+00
-1.678591040771938436e+00,-2.194484009768338240e+00,3.568857438509943858e+00
-1.682319613100799360e+00,-2.217463561134480177e+00,3.577331708723949788e+00
-1.682319613100799360e+00,-2.217463561134480177e+00,3.577331708723949788e+00
-1.656788454045519110e+00,-1.787901219466884406e+00,3.544589901026547807e+00
-1.664333323512985130e+00,-2.068501321294828443e+00,3.544919103581397835e+00
-1.654274303816905878e+00,-1.688223384818032136e+00,3.545921505979535926e+00
-1.657078188884234748e+00,-1.856811126072688722e+00,3.542144413394507030e+00
-1.707784776344047684e+00,-2.373694367104567160e+00,3.631612020579897848e+00
-1.654101490885129255e+00,-1.849707030994363732e+00,3.537498075464617475e+00
-1.705697200862761553e+00,-2.362943075104702473e+00,3.628424062105273684e+00
-1.706090754943304422e+00,-2.363645194974484554e+00,3.629507567074881980e+00
-1.706090754943304422e+00,-2.363645194974484554e+00,3.629507567074881980e+00
-1.656868196676992921e+00,-2.073425120301974456e+00,3.533089199110539980e+00
-1.656868196676992921e+00,-2.073425120301974456e+00,3.533089199110539980e+00
-1.655024669571585783e+00,-1.883092206726767470e+00,3.540163900980675571e+00
-1.680858673656335567e+00,-2.224394483116247212e+00,3.580378795743873077e+00
-1.655116568329288551e+00,-1.893390426035273189e+00,3.539920280196063640e+00
-1.655116568329288551e+00,-1.893390426035273189e+00,3.539920280196063640e+00
-1.699126872798114363e+00,-2.331173283323136225e+00,3.618241151702803915e+00
-1.711529993934314708e+00,-2.403550097686044218e+00,3.643874575491337087e+00
-1.654061364448722316e+00,-1.831355784605232184e+00,3.542332656168911686e+00
-1.700271219505842701e+00,-2.342583010335251181e+00,3.621113110856220008e+00
-1.707763324211815315e+00,-2.395149862209110747e+00,3.637430633004123504e+00
-1.674601621748966096e+00,-2.192107561705872065e+00,3.570180028414925211e+00
-1.653933674740783122e+00,-1.965697913647126427e+00,3.536069059715222451e+00
-1.652743373727535214e+00,-1.887990045154006369e+00,3.538860227005146797e+00
-1.665738268069300920e+00,-2.117420799024287703e+00,3.555084427710666350e+00
-1.678740761109037471e+00,-2.180678806115173618e+00,3.582184674783389422e+00
-1.644944330231623342e+00,-1.666185030809538503e+00,3.537516063333454142e+00
-1.653342518686584217e+00,-2.026342074045073272e+00,3.534022883649222901e+00
-1.653342518686584217e+00,-2.026342074045073272e+00,3.534022883649222901e+00
-1.666990305891795421e+00,-2.091402204211962434e+00,3.561059013833496323e+00
-1.666990305891795421e+00,-2.091402204211962434e+00,3.561059013833496323e+00
-1.658130278328736384e+00,-2.070260857137458999e+00,3.542957365753164556e+00
-1.662315900631502696e+00,-2.106947931102806759e+00,3.551049618581755940e+00
-1.649702145032786005e+00,-1.881208382240846744e+00,3.536034824018027489e+00
-1.650454682970352804e+00,-1.801446249975510394e+00,3.544548942805916258e+00
-1.649829833335239471e+00,-1.857516216475814108e+00,3.542286692155725447e+00
-1.647723745353913749e+00,-1.819490506370088134e+00,3.541537072756593130e+00
-1.669602359481207721e+00,-2.178337091507855483e+00,3.571348496674027206e+00
-1.644635363878915291e+00,-1.682409890191657542e+00,3.544347981360368660e+00
-1.689280730769274541e+00,-2.318702232691453702e+00,3.613121058097851890e+00
-1.689280730769274541e+00,-2.318702232691453702e+00,3.613121058097851890e+00
-1.729244196370355091e+00,-2.511780926356987464e+00,3.698036846764561680e+00
-1.729244196370355091e+00,-2.511780926356987464e+00,3.698036846764561680e+00
-1.642538049711818715e+00,-1.675663889124758610e+00,3.543660515624156737e+00
-1.685081045345077522e+00,-2.296099814516160631e+00,3.606632239308152243e+00
-1.669580524765176932e+00,-2.196840440224827162e+00,3.575503219944470956e+00
-1.669580524765176932e+00,-2.196840440224827162e+00,3.575503219944470956e+00
-1.644784678207790174e+00,-1.678620112137199083e+00,3.549862386029582151e+00
-1.682120152085942122e+00,-2.280472499153055388e+00,3.601923837679810614e+00
-1.686928172346818799e+00,-2.308228297532401996e+00,3.612009716721336083e+00
-1.652966840220896794e+00,-2.057492130132116959e+00,3.546504287728842630e+00
-1.649481676108864203e+00,-1.934597475055935822e+00,3.545572762558928837e+00
-1.698766179778872676e+00,-2.380755642158249863e+00,3.636869393636648518e+00
-1.652651383155718356e+00,-2.083118883138268096e+00,3.546603983823510386e+00
-1.646738116867940693e+00,-1.992181894199369419e+00,3.538777346324055717e+00
-1.684740806926200873e+00,-2.326616620862124840e+00,3.610247390367473663e+00
-1.643479279961888695e+00,-1.792855250196582428e+00,3.544132367269138051e+00
-1.649845341792806064e+00,-2.028463234862746933e+00,3.544686298579154737e+00
-1.649845341792806064e+00,-2.028463234862746933e+00,3.544686298579154737e+00
-1.645803778646973692e+00,-1.889946694020743445e+00,3.544306743451713704e+00
-1.682684710807204276e+00,-2.304756634437622242e+00,3.607832025475266491e+00
-1.689734048294440960e+00,-2.344367698278904566e+00,3.622765671124526410e+00
-1.672492247983803360e+00,-2.244290859867526855e+00,3.587722772115835124e+00
-1.672492247983803360e+00,-2.244290859867526855e+00,3.587722772115835124e+00
-1.644405453966896857e+00,-2.010449018148646516e+00,3.536102157768275855e+00
-1.684312660634880610e+00,-2.312973582690199148e+00,3.613253597201883771e+00
-1.684312660634880610e+00,-2.312973582690199148e+00,3.613253597201883771e+00
-1.681409298671735497e+00,-2.299023631182328664e+00,3.607705161191360421e+00
-1.651968913814281459e+00,-2.094572244649042680e+00,3.550021983654775060e+00
-1.641684353581304823e+00,-1.785500769137137400e+00,3.545378339696402481e+00
-1.642359786151511791e+00,-1.901021701149452126e+00,3.539909433060037802e+00
-1.642125791512893729e+00,-1.944382592842758717e+00,3.537646101374042118e+00
-1.693647853087239419e+00,-2.433017913540068466e+00,3.635360601909898293e+00
-1.693647853087239419e+00,-2.433017913540068466e+00,3.635360601909898293e+00
-1.676249027632640276e+00,-2.271546366124760574e+00,3.600179119187477017e+00
-1.651900120592238563e+00,-2.090851103603033945e+00,3.555204781062918151e+00
-1.663631621755632839e+00,-2.199085797564892086e+00,3.577378476611992042e+00
-1.677424324918649789e+00,-2.292619054475824925e+00,3.605401361619942069e+00
-1.640385725878423795e+00,-1.811831848751817686e+00,3.546882734176112884e+00
-1.642201831762470254e+00,-1.963497801589862091e+00,3.541762881427793275e+00
-1.636589190191933829e+00,-1.684340100706506194e+00,3.547293430095304068e+00
-1.646058308712507134e+00,-2.010301443607843908e+00,3.548275853197746077e+00
-1.670908052634825669e+00,-2.244091848699798053e+00,3.594645279614821831e+00
-1.680225919994430273e+00,-2.308306859734554628e+00,3.613195354864405129e+00
-1.680225919994430273e+00,-2.308306859734554628e+00,3.613195354864405129e+00
-1.650801329669069784e+00,-2.104158421174687987e+00,3.556393934481230090e+00
-1.668072414371164491e+00,-2.252059738554615276e+00,3.591254364573085223e+00
-1.652867470197304733e+00,-2.149079744874119235e+00,3.561012789843916782e+00
-1.679523501397315099e+00,-2.334024037457288703e+00,3.614425612110787611e+00
-1.638817473375451694e+00,-1.848706962203584769e+00,3.546667505504126794e+00
-1.638817473375451694e+00,-1.848706962203584769e+00,3.546667505504126794e+00
-1.633809390013837515e+00,-1.679144432380866414e+00,3.546834013390319562e+00
-1.669416786175958345e+00,-2.261556109467158571e+00,3.595149690087147132e+00
-1.643033229419583741e+00,-2.039072401426449854e+00,3.547435060516715755e+00
-1.678417970950579097e+00,-2.327947975474855102e+00,3.616416122467165373e+00
-1.673656326472042544e+00,-2.296174954366272836e+00,3.607219644453305563e+00
-1.679434132212378028e+00,-2.357280787387159293e+00,3.618206355127183915e+00
-1.656948331725605073e+00,-2.193800896073260454e+00,3.574147086389737549e+00
-1.658740163244084798e+00,-2.205040552062534243e+00,3.577543607130363679e+00
-1.653250378478204219e+00,-2.162595350707189112e+00,3.567496881570592748e+00
-1.675421080166922927e+00,-2.331152526927573465e+00,3.613813644201472552e+00
-1.645008498195430713e+00,-2.100761560032695652e+00,3.554344881316342963e+00
-1.672738062482815202e+00,-2.315734313851454118e+00,3.609119123226293802e+00
-1.660205051747849270e+00,-2.231366299969347988e+00,3.584290284497673174e+00
-1.660205051747849270e+00,-2.231366299969347988e+00,3.584290284497673174e+00
-1.633285955471696971e+00,-1.779737743927712224e+00,3.548150489920951056e+00
-1.665306749998545444e+00,-2.269277891719568618e+00,3.595667474675777964e+00
-1.633892459037722400e+00,-1.865878135389853920e+00,3.545631199300359082e+00
-1.637093977757765106e+00,-2.003523337274821792e+00,3.544852977786156600e+00
-1.640144282460195946e+00,-2.023463955627174737e+00,3.551494553628316009e+00
-1.643096513789337632e+00,-2.095095781845339733e+00,3.554722153126606443e+00
-1.643096513789337632e+00,-2.095095781845339733e+00,3.554722153126606443e+00
-1.628959220416062337e+00,-1.689777822270474239e+00,3.547540802080842770e+00
-1.614183350478353374e+00,-2.100443776448118083e+00,3.491190028195709338e+00
-1.634500632890153904e+00,-1.985769525489243126e+00,3.543116953746786368e+00
-1.655483103331857775e+00,-2.199452270367002082e+00,3.580157696283701174e+00
-1.655483103331857775e+00,-2.199452270367002082e+00,3.580157696283701174e+00
-1.715416562166204306e+00,-2.615393707108683241e+00,3.706065065915724599e+00
-1.650778410105917970e+00,-2.173715209888574140e+00,3.571435238087574238e+00
-1.644603183378139155e+00,-2.174503154516714165e+00,3.558672964218094315e+00
-1.630222717311804681e+00,-1.973092794408082495e+00,3.535706038634446102e+00
-1.633064665997518317e+00,-1.964195249887226158e+00,3.543914934020439667e+00
-1.670083323371890360e+00,-2.308571725526229912e+00,3.612303629167258112e+00
-1.631296843905964078e+00,-1.907662002440508431e+00,3.543561247942056625e+00
-1.637734555410327753e+00,-2.064645591958741200e+00,3.549178545720795164e+00
-1.630640518587677334e+00,-1.904911418811034540e+00,3.546033533442961350e+00
-1.630640518587677334e+00,-1.904911418811034540e+00,3.546033533442961350e+00
-1.628761774877537372e+00,-1.863018151923777177e+00,3.545416820994250706e+00
-1.660152349512177716e+00,-2.268544623851554309e+00,3.597462028255952404e+00
-1.651036891595086376e+00,-2.299225018004451560e+00,3.578155823090621190e+00
-1.628611077373869120e+00,-1.983950079171211467e+00,3.542662647558901146e+00
-1.652796421772786628e+00,-2.249527502901663478e+00,3.586243270950996820e+00
-1.626167317200442497e+00,-1.881275381362618626e+00,3.544402376873710736e+00
-1.626167317200442497e+00,-1.881275381362618626e+00,3.544402376873710736e+00
-1.658830642180842974e+00,-2.305870081624656454e+00,3.600856269626004913e+00
-1.656148387641001030e+00,-2.298415314856543823e+00,3.595724046363419024e+00
-1.626514071938863548e+00,-1.930542625827300851e+00,3.546527475441206168e+00
-1.632018246803698780e+00,-2.075201745010773813e+00,3.552071599750580511e+00
-1.624209798098020574e+00,-1.872984672821335739e+00,3.546859340952543960e+00
-1.622335916643582454e+00,-1.815231253317214355e+00,3.547444353701389552e+00
-1.623532775197565003e+00,-1.864529054521055107e+00,3.548602722800972220e+00
-1.622477180217531512e+00,-1.953326386882388910e+00,3.542437712306142572e+00
-1.618020831536747473e+00,-1.696973295847685304e+00,3.550285689135190381e+00
-1.618020831536747473e+00,-1.696973295847685304e+00,3.550285689135190381e+00
-1.622857672947641383e+00,-1.997823807402680840e+00,3.544045769638913601e+00
-1.624907062620137843e+00,-2.091612458524415352e+00,3.545240030664979614e+00
-1.620494768098255323e+00,-1.967269694056075435e+00,3.542454360887678178e+00
-1.634813172393294600e+00,-2.164479988381191156e+00,3.565607899245376355e+00
-1.619495366375892420e+00,-1.820062408935493981e+00,3.550470244396553010e+00
-1.634882186444183150e+00,-2.194092040596972382e+00,3.566520215832515994e+00
-1.627999424602070810e+00,-2.114042307038970225e+00,3.555047356261485714e+00
-1.620834036732992312e+00,-2.019538453782764531e+00,3.544870140852380391e+00
-1.617884088296563272e+00,-1.953920803137700890e+00,3.542482098804644153e+00
-1.610763834716400833e+00,-2.150577854720177040e+00,3.517478937459163291e+00
-1.616138044718453237e+00,-1.801993654570674730e+00,3.550112679976160202e+00
-1.617844612896423229e+00,-2.006189699575919860e+00,3.541974324350321446e+00
-1.611686374318119119e+00,-1.688260460379219952e+00,3.549029088266437704e+00
-1.616587710010469303e+00,-1.901435832002258852e+00,3.546636000158347013e+00
-1.615288659964023044e+00,-1.807138241459709027e+00,3.551291428693162722e+00
-1.611524443144505048e+00,-1.901781066003471521e+00,3.540560110851004971e+00
-1.612648087517218221e+00,-1.798123772367046902e+00,3.549889384672338277e+00
-1.620669608187302213e+00,-2.098895533789959522e+00,3.550984156829589899e+00
-1.621423373963276182e+00,-1.878672840274675737e+00,3.565766864101215905e+00
-1.621072537383672518e+00,-2.128225468174057333e+00,3.551497575514789951e+00
-1.615842935316934126e+00,-2.035232193328039063e+00,3.544987457028402567e+00
-1.623454671713229214e+00,-2.160779196989976558e+00,3.558409280384663198e+00
-1.610698562880204632e+00,-1.907136861459588717e+00,3.543150164908744237e+00
-1.611776193929766121e+00,-2.002963943592702467e+00,3.540687410642135990e+00
-1.618744384190550445e+00,-2.138236320371508015e+00,3.552773202465293600e+00
-1.610463087996871545e+00,-2.086518973882496741e+00,3.538477189767010866e+00
-1.610247188338789437e+00,-2.020925510143402271e+00,3.542103750389380856e+00
-1.614303166319076999e+00,-2.102662407828791213e+00,3.547879257777034834e+00
-1.606975265513518547e+00,-1.782244323684858855e+00,3.550332832694448548e+00
-1.607835718408323400e+00,-1.957639455498964454e+00,3.541934175604168455e+00
-1.607477149291046237e+00,-2.008123094967353417e+00,3.538193531351030874e+00
-1.611273707615641593e+00,-2.065067805050576855e+00,3.544032917601380728e+00
-1.609996672749187452e+00,-2.047426547902169158e+00,3.542744232962380391e+00
-1.609996672749187452e+00,-2.047426547902169158e+00,3.542744232962380391e+00
-1.604448368728683461e+00,-1.791178708872581238e+00,3.547825247114042124e+00
-1.601019247744000618e+00,-1.700738374782920337e+00,3.548946096949503914e+00
-1.601019247744000618e+00,-1.700738374782920337e+00,3.548946096949503914e+00
-1.604303555834000861e+00,-1.784413979955367102e+00,3.551057708858870843e+00
-1.605511820568250148e+00,-2.003415771775932441e+00,3.540822435159541648e+00
-1.602287529280018719e+00,-1.962285307110638533e+00,3.536900192588818381e+00
-1.599978241795350087e+00,-1.820802464342496041e+00,3.545551540889391173e+00
-1.595259734812240371e+00,-1.697543923348695749e+00,3.552010367898081000e+00
-1.595625075847968866e+00,-2.075066627910095107e+00,3.532932422547275575e+00
-1.590392143824936433e+00,-1.910069843702452363e+00,3.534482279174681718e+00
-1.590282541051239562e+00,-1.748198210851822365e+00,3.545850709870440820e+00
-1.590807104444633024e+00,-1.768919932801872985e+00,3.546696452190874815e+00
-1.587411132553164572e+00,-1.703648301501692774e+00,3.544607908973683497e+00
-1.563435846968835641e+00,-2.002582540395412725e+00,3.473811544858214084e+00
-1.585342968913395989e+00,-1.708350807553649320e+00,3.544198893472164880e+00
-1.585342968913395989e+00,-1.708350807553649320e+00,3.544198893472164880e+00
-1.584025675047415538e+00,-1.882211808079319759e+00,3.539720150914036356e+00
-1.575074170837922116e+00,-1.716676266943710560e+00,3.531524484505021988e+00
-1.581130129096212977e+00,-1.848110641612496607e+00,3.537975582501203586e+00
-1.580227747299832508e+00,-1.701394040635031635e+00,3.545815578765390885e+00
-1.577965788713737494e+00,-1.917235628033713724e+00,3.527074334077297202e+00
-1.577895655754170123e+00,-1.707589648583224040e+00,3.543198832874365323e+00
-1.565912498132221886e+00,-1.906427211628241247e+00,3.517798303345775146e+00
-1.572559183782418213e+00,-1.866676308476741264e+00,3.539191972452614632e+00
-1.568249128639096712e+00,-1.805245380797161792e+00,3.533504917861638450e+00
-1.568249128639096712e+00,-1.805245380797161792e+00,3.533504917861638450e+00
-1.566519452703300397e+00,-1.851933753430168306e+00,3.529776845237374339e+00
-1.554297487717367199e+00,-1.864530957965947477e+00,3.505906472634676696e+00
-1.555980993945283108e+00,-1.848565146767003231e+00,3.520050668441928821e+00
-1.556232786460288287e+00,-1.860087257187406973e+00,3.520046931473518548e+00
-1.549639854260740579e+00,-1.858053737775630543e+00,3.520319284784058755e+00
-1.538906388269551950e+00,-1.856306795127278919e+00,3.500587267276169978e+00
